,FIPS,Years of Potential Life Lost Rate,YPLL Rate (Black),YPLL Rate (Hispanic),YPLL Rate (White),% Fair/Poor,Physically Unhealthy Days,Mentally Unhealthy Days,% LBW,% LBW (Black),% LBW (Hispanic),% LBW (White),% Smokers,% Obese,Food Environment Index,% Physically Inactive,% With Access,% Excessive Drinking,# Alcohol-Impaired Driving Deaths,# Driving Deaths,% Alcohol-Impaired,# Chlamydia Cases,Chlamydia Rate,Teen Birth Rate,Teen Birth Rate (Black),Teen Birth Rate (Hispanic),Teen Birth Rate (White),# Uninsured,% Uninsured,# Primary Care Physicians,PCP Rate,# Dentists,Dentist Rate,# Mental Health Providers,MHP Rate,Preventable Hosp. Rate,Preventable Hosp. Rate (Black),Preventable Hosp. Rate (Hispanic),Preventable Hosp. Rate (White),% Screened,% Screened (Black),% Screened (Hispanic),% Screened (White),% Vaccinated,% Vaccinated (Black),% Vaccinated (Hispanic),% Vaccinated (White),Cohort Size,Graduation Rate,# Some College,Population,% Some College,# Unemployed,Labor Force,% Unemployed,% Children in Poverty,% Children in Poverty (Black),% Children in Poverty (Hispanic),% Children in Poverty (White),80th Percentile Income,20th Percentile Income,Income Ratio,# Single-Parent Households,# Households,% Single-Parent Households,# Associations,Association Rate,Annual Average Violent Crimes,Violent Crime Rate,# Injury Deaths,Injury Death Rate,Average Daily PM2.5,% Severe Housing Problems,Severe Housing Cost Burden,Overcrowding,Inadequate Facilities,% Drive Alone,% Drive Alone (Black),% Drive Alone (Hispanic),% Drive Alone (White),# Workers who Drive Alone,% Long Commute - Drives Alone,Life Expectancy,Life Expectancy (Black),Life Expectancy (Hispanic),Life Expectancy (White),# Deaths,Age-Adjusted Mortality,Age-Adjusted Mortality (Black),Age-Adjusted Mortality (Hispanic),Age-Adjusted Mortality (White),# Deaths.1,Child Mortality Rate,Child Mortality Rate (Black),Child Mortality Rate (Hispanic),Child Mortality Rate (White),# Deaths.2,Infant Mortality Rate,Infant Mortality Rate (Black),Infant Mortality Rate (Hispanic),Infant Mortality Rate (White),% Frequent Physical Distress,% Frequent Mental Distress,% Diabetic,# HIV Cases,HIV Prevalence Rate,# Food Insecure,% Food Insecure,# Limited Access,% Limited Access,# Drug Overdose Deaths,Drug Overdose Mortality Rate,# Motor Vehicle Deaths,MV Mortality Rate,% Insufficient Sleep,# Uninsured.1,% Uninsured.1,Other PCP Rate,% Disconnected Youth,Household Income,Household income (Black),Household income (Hispanic),Household income (White),% Free or Reduced Lunch,Segregation index,Segregation Index,Homicide Rate,# Firearm Fatalities,Firearm Fatalities Rate,# Homeowners,% Homeowners,# Households with Severe Cost Burden,% Severe Housing Cost Burden,% < 18,% 65 and over,# African American,% African American,# American Indian/Alaskan Native,% American Indian/Alaskan Native,# Asian,% Asian,# Native Hawaiian/Other Pacific Islander,% Native Hawaiian/Other Pacific Islander,# Hispanic,% Hispanic,# Non-Hispanic White,% Non-Hispanic White,# Not Proficient in English,% Not Proficient in English,% Female,# Rural,% Rural
FIPS,1.0,0.06287339940768373,-0.009923015410139763,0.08125248097366972,0.09928408725143499,0.040554985344022486,0.03183866123149539,-0.0039247916739917725,-0.04464943939948325,0.009126730494332833,0.04622013278316454,-0.11982203503976625,0.02532276587957646,0.05763312564953747,-0.08925048348401732,0.06274420934921236,0.018187341662055136,-0.012282672062000618,0.025250494168520304,0.02253489387230927,-0.04678629925759606,0.023444308936703382,-0.2029356117731883,0.07721997054478107,0.024813590372455414,0.04924837481685752,0.07496226113285062,0.03620844020857745,0.08708906156604901,-0.04231955324556056,-0.04134116675173462,-0.01924647733023795,-0.04270009867103293,0.02218024805841924,0.0009494935916755657,0.060616582688009533,-0.008435125834361786,0.09726739920235379,0.05079179067843228,-0.08580980230198526,-0.015976252608956906,0.06959534399670263,-0.13197285581999393,0.02406410722746517,0.05173245719898258,-0.016486193809876606,0.019058013285243817,0.05377124324869018,-0.06553608940818417,0.03675816175352394,0.052585786618532804,-0.043370448983961155,0.049605465363822585,0.03831916750599398,0.1232856583955187,0.0342213529949017,-0.014565282860696362,0.06261588706278971,0.0686410091737472,0.009852919572522238,-0.09708676600110136,0.11520772222212206,0.06740938958415887,0.0395751630568918,0.1063985345298384,0.008169586434930097,-0.020699471347025728,0.05596862141956823,-0.038839463198512475,0.044638246175293064,-0.019364868487222055,0.005458567751058295,-0.0350291879851386,0.00033767954688440415,0.02555602713731102,0.01300639863897708,-0.01026645023522463,0.07637435332697594,0.0561725617890445,0.038122689995991235,0.04044919511321561,-0.061617938986037915,-0.03369060765094508,-0.06647791633898657,-0.047647853671120025,-0.12252568109830353,0.03527802870402701,0.020929200966344944,0.04258192732688054,0.068286692532354,0.14352406963539935,0.08084677139290139,0.09514655569052484,0.020400969337630262,0.2996801940706891,0.21428001474343214,0.07309163655980669,0.1328263432858767,-0.09909182535819264,0.11034264712711575,0.023894451393580273,0.026789191392885738,0.030184488753582178,-0.03451478732602252,0.006524288311754943,-0.10986140424266748,0.026352819120468947,0.0033307851700603948,0.006732064205214375,-0.0020815333572159435,0.08751186191378277,0.11621193574724091,0.05856031434873072,0.033814722173500254,-0.01136512892953174,0.05190217831721729,-0.007948922724352853,0.016782046368427696,-0.010185955379083941,-0.045304314194296966,0.011638955143972172,0.010702591475790193,-0.055299730921800884,0.025715843649276336,0.016661226536804512,0.03155862254978159,0.02770705356230118,0.06108023912036924,-0.0028173658012913597,0.03997614358234625,-0.003214020647454744,0.045177123080137986,0.04611553101745482,0.05007899442698658,-0.06743767360515758,0.04097194041616431,-0.007383008170131632,-0.0033479910256804064,0.006500739799220429,0.03893244592357887,0.001513152423744961,-0.015162883628328846,-0.060866814785144614,0.036591545052426885,0.03951978332957169,-0.02415448050063192,-0.046396235914368054,0.04322487300737423,-0.017089332610066395,-0.02256545053228361,-0.020698221101422946,-0.0489132019658488
Years of Potential Life Lost Rate,0.06287339940768373,1.0,0.5684403415001162,0.4375071129697979,0.8421158464297064,0.1517005621144736,0.29038090034010383,0.37311413055121945,0.20848864748631968,0.28782460029125867,0.05465701190569701,0.281738725003105,0.43025872621603145,0.20267569995121607,-0.36774365390780916,0.46574763703825445,-0.2548942096659948,-0.2221326314643999,-0.19838949386602175,-0.20011856869997235,-0.11717764289437747,-0.24519322895363943,-0.06356044407234769,0.2235952545336463,0.4947968584266799,0.2028436575848778,0.561122762877604,-0.23462878625903003,0.15299311937488874,-0.278573452501527,-0.23483846436397687,-0.297148043792913,-0.1707194114541516,-0.2788904067284528,-0.22732969178726778,0.22746386025551357,0.08882391654993013,0.020426320737717628,0.24883693756969977,-0.12898274317786135,0.01547057059560642,-0.05349114277190685,-0.11312284912350842,-0.10086719937664805,0.01923457614678939,-0.14998610098246323,-0.07614421469017593,-0.306219306024868,0.14791156480469994,-0.2379338228531134,-0.24137990813330779,-0.2833780243561258,-0.1656023744806947,-0.25220753591134143,0.36066365050569227,0.3838476853709623,0.4518700955634124,0.1581397360072269,0.4335462016753881,-0.387921500589897,-0.3577553140751743,0.1216674664708307,-0.2035276222035463,-0.23668788950581043,0.23076723685203887,-0.1981607264409522,0.3283645725717973,-0.1651373455792186,0.11346190450042408,-0.14189688361084593,0.6918522124906107,-0.014903906130572464,-0.12722142953835866,-0.08974267640214759,-0.1987926969225179,0.18898175322232216,0.1798292374515688,0.0766107668703875,0.05862677993335352,0.22680111485451065,-0.23665255246829234,-0.09700632422104521,-0.9029225274113235,-0.3291667171798515,-0.07060845189734581,-0.6934461603416519,-0.10921089128801449,0.918694203071063,0.5897972533463377,0.3568249354976109,0.8314638420502104,-0.22871634864399593,0.43434429452655815,0.11484206876503888,0.11971685165144706,0.16569959247130386,-0.1048917183350266,0.43653228958676293,-0.2789439537977533,-0.04929326641823395,0.004629122105021885,0.2713614198618447,0.3566562693666604,0.43193148555713107,-0.2187276284222823,0.07073307088531901,-0.1379261824918267,0.4597763067231017,-0.21135734181276714,0.050220308118790295,-0.20473986907795327,0.357692502020298,-0.24685393670557954,0.519610657283677,0.02478836945948894,-0.2592179568096037,0.12913153168600608,-0.10202221461964599,0.2999714705527083,-0.35720538675843705,-0.4805475565167997,-0.3155614120436598,-0.5361569439740077,0.19733865202704007,-0.0609312693049411,0.03251121332313435,0.4122409433493603,-0.25164490359667174,0.6502111161335062,-0.1949583765714578,0.22750533926141586,-0.17885434034040423,-0.010382369857197678,-0.20207728730731941,0.4337194715413821,-0.043774487424791085,0.17814394549261564,-0.2225172569475341,0.14399866878891218,-0.2445427717179702,-0.24589128678721442,-0.28079317213810806,-0.2066731720201685,-0.3996927553474658,-0.366088071416627,-0.12128545308051528,0.3266709250055812,-0.4099462771953061,-0.3225023704674257,-0.05052530914214259,-0.14558396107305738,0.36567403001545556
YPLL Rate (Black),-0.009923015410139763,0.5684403415001162,1.0,0.1830840645114503,0.46413285872685894,0.28113487655517444,0.3396871647991819,0.3545089090464872,0.277952873191813,0.7279673412336964,-0.04844212023967412,0.308249222137128,0.4401197651575489,0.31950919665694183,-0.3196440198987723,0.513802482126898,-0.03882038527597117,-0.20328426055164264,0.07427964914791867,0.060211519707298725,0.06623917110227927,0.13662577289678288,0.24594830851071414,0.3169265213580233,0.6882719734732884,0.32791907096537304,0.44761849691743716,0.08385445638306661,0.2662465367729367,0.023421848750946713,0.004236757101690398,-0.012341872437381737,0.10777891430092978,0.05682671248366628,0.1300666612783977,0.05695469374024874,0.4448453679089318,-0.077657130622192,0.17929433620338756,0.03297285020486175,0.39411277463156846,0.05787099870040015,0.05060067781631269,0.06948799394802488,0.3133342353916972,0.020925316801829984,0.07962042219685929,0.042948912219468616,-0.06916748283549151,0.01719446278421469,0.05082892022361356,-0.24734458642559556,0.05965044710108957,0.03338433160030669,0.16764302534525793,0.21883686825231208,0.6382191081099344,0.2866646555178668,0.2811250567931613,-0.33448505710833787,-0.2939021111646907,0.12643652311279996,0.11592451759425576,0.05058328995664559,0.38421607122671847,0.11612983445694769,0.3953184592282433,0.11725289087602604,0.36068857098061435,0.0630607544106403,0.41416513930311016,0.18157135816273612,0.18646133051914215,0.16145078561092915,0.0737677113333633,0.24350981517747816,0.15108211239186725,0.4825714422478579,0.20860767600326924,0.4727787774350096,0.041541123359515666,-0.29867564475348507,-0.5151427083169547,-0.012628136731832319,0.16880362730745194,-0.3196038289237523,0.11510162755566952,0.5428170664584236,0.9488820792191579,0.12193095341034056,0.5131208651826625,0.10832408551665894,0.4603753273888023,0.5354981447832268,0.33312757862363973,0.40241328658936915,0.3275314582606146,0.49757295169948496,0.31584364539019194,0.513179173365886,0.5458830606062831,0.3327996132420456,0.369343745340046,0.3556140313351916,0.07639242056432283,0.2549572843557595,0.1434703386645497,0.5133015269489221,0.03859199553078386,-0.015497810615862005,0.26577823214240176,0.44593274494773766,0.08354956663615751,0.3935133551531102,0.26510372596684706,0.07254097385914733,0.1399101961871494,0.08871692801997927,0.2715718487640405,-0.2822588975607881,-0.21269018409992535,-0.1519057313944448,-0.24709760813416567,0.2804830517101662,0.022299748244166955,0.2516379980856887,0.6521865549446144,0.09766525353418691,0.436105650529976,0.029991791395268887,-0.1217088216631428,0.08301247786764362,0.1925105316776092,-0.021388665653853264,0.21405694428575386,0.39566894671270914,0.5706858958847303,0.02205832116646285,0.019346769471717845,0.030317076298301836,-0.027911301940443115,-0.0015273732638422042,0.08629835998392782,-0.04789500967060148,-0.16984923453660528,0.05756770188416322,0.05575202624401506,0.06517381134396398,0.07628975437139611,0.05743209312183358,0.011877166471279385,0.060793234378765805
YPLL Rate (Hispanic),0.08125248097366972,0.4375071129697979,0.1830840645114503,1.0,0.3180162866089068,0.5858735996221934,0.49448094424459915,0.21700775617419907,0.2550340450934215,0.158107634314668,0.4857948537168155,0.2610242480518028,0.2067855487004506,0.1575754168445945,0.16062925431584427,0.1032226919196101,-0.07957868257561575,-0.25173943382739533,-0.355515475179328,-0.27824342798207746,-0.13504752950572993,-0.18420531703297122,0.08300364950609021,0.49725745790164094,0.17305395730830223,0.5254570063349207,0.3269933616794625,-0.24668228658084432,0.3188009782124157,-0.266240424125711,-0.1310594760334264,-0.29775375157774464,-0.18686859340665884,-0.2190637925834825,-0.18685082426483832,0.21606178646951446,0.040371254498128985,0.45234850014852257,0.1569138711784079,-0.39835014518078377,-0.10598088111897845,-0.0935893026417012,-0.29322002411808645,-0.46462459992572386,-0.23264088207317746,-0.2306638288904144,-0.4104715359204872,-0.23906471209155175,-0.09255512051221422,-0.2630400041786175,-0.24343957554405007,-0.4762001448629602,-0.2579292356403062,-0.27486877369623575,0.1479167807477768,0.4513676662926629,0.23499273039091073,0.08271729504422724,0.27626832120475087,-0.38641215821914515,-0.376541037262283,0.17759802725631121,-0.21260824257876865,-0.2458463244732199,0.29619303249265294,-0.24573411837182874,0.27308937983919324,-0.13808911288077924,0.2067354504244479,-0.24569984917689647,0.2443337359343933,-0.38880195898185893,0.05570629893192657,-0.1931556975433014,0.23317850476584331,0.13439458477259048,0.03024853691170147,-0.004043484517580444,0.20640535284661113,0.1734425633014609,-0.27650860553568457,-0.35178474208601024,-0.3132794342228678,-0.10390065178604523,-0.5926790940694621,-0.15635841560754807,-0.23445161680618737,0.394386745021921,0.23270054580622723,0.9335813888792294,0.35065247093246893,-0.10404253754932685,0.19982243150500895,-0.02211438456872681,0.33273017164300034,0.18510000950409042,0.009010463166747546,0.14921813069371037,-0.08691577499962735,0.12995302829955532,0.034438176599166974,0.5085288411288541,0.28028246755234754,-0.056427468143322,-0.20690054928574522,-0.031921839465759445,-0.2918344233952149,-0.3306225917526901,-0.1818765716868734,0.22524171358853678,-0.049085967645173034,0.2338776541179999,-0.2653082199122526,0.2742437263321578,0.19301161401490582,-0.2673242848152791,0.1671004454663791,-0.05440900408026997,0.41302040526853323,-0.4631280203998161,-0.1012723881088931,-0.2976044282981923,-0.26461373182337844,0.39204845442561537,0.017263473547014647,-0.20694114526523394,0.38558898795885604,-0.13658208962656893,0.16556078105276106,-0.2839512764374906,-0.09872574225466972,-0.2554231062249429,-0.08531077446730034,0.06457268748582354,0.02436856454593211,-0.25336658591870154,-0.15960542184891063,-0.2554091802040318,0.26200171680021656,-0.2646628794936176,-0.22557740732227102,-0.26887552531790293,-0.03984164200943521,-0.04536937170802566,0.5102165279473226,-0.3713897580696745,-0.40667942908848503,-0.17265375681107165,0.19363596369986355,-0.3531520788772436,-0.35507572945031907,-0.02253189754576434
YPLL Rate (White),0.09928408725143499,0.8421158464297064,0.46413285872685894,0.3180162866089068,1.0,0.27153883732797435,0.33481937470938766,0.3287863634996595,0.15211370629301252,0.21212409100615323,0.04389093909402385,0.20976971128850994,0.3681272485710315,0.2303249518628432,-0.21352113745228574,0.3705362248892344,-0.24651162792190714,-0.27965475124543593,-0.3184345766593013,-0.31596859397577387,-0.12477367002041394,-0.2955631582904498,-0.042927539902070024,0.4071649465810566,0.43234038469058805,0.3052832521432839,0.6688623411288728,-0.31002883500529443,0.2977732724401056,-0.3484221027516091,-0.2608873043566123,-0.3732129142809322,-0.21337315246001215,-0.33737392079788125,-0.27343978191814283,0.24177427274285165,0.05552025627783111,0.11231321521917399,0.25566615999631825,-0.24011428033005855,0.05575570349779385,-0.04662296671912783,-0.2125222762026935,-0.15104692117671206,0.1159823088907796,-0.16596257341029563,-0.13167298094502083,-0.3726441244471887,0.1256491395032653,-0.3434862168998659,-0.3136308404919673,-0.4225602307127017,-0.2563035340525798,-0.346167100812288,0.39212361550958164,0.3913651873729411,0.4673569023494785,0.136631663300572,0.4938932341993109,-0.43477777173326587,-0.3045831838503194,-0.007949807281444775,-0.2929018153272915,-0.3232932596412436,0.23542523747112226,-0.3212525785666938,0.2848432420065056,-0.22350231669853893,0.13611664394168363,-0.24537884279796665,0.6740477000806504,-0.17922127666095952,-0.11340285361957951,-0.19681004109684477,-0.05812984935142563,0.19619887848082276,0.027337080136554486,0.06876575350033294,0.05447453716749174,0.1511981118635465,-0.3445807110560283,-0.1874702993843869,-0.7302703624937917,-0.21370278638856818,-0.02330409777138749,-0.7834406997050202,-0.23516917597099135,0.7743324418016946,0.4777526755085866,0.27503983117701725,0.9357937842918835,-0.19510660822803785,0.4171306524397357,0.15533909423148828,0.18083978725364797,0.2400986226485524,-0.013504078971176756,0.43726690501787,-0.2569000605887834,-0.04113041684847157,0.03365696445736646,0.3179614772702952,0.32162741619075463,0.32986161679717535,-0.23344300433576637,0.031172925977158872,-0.263162500168211,0.21320077682601737,-0.2926407896882583,0.008654296135928852,-0.0915276852388256,0.411551922169967,-0.29859408114195846,0.5530367982125367,0.09788692732493838,-0.34085669317869904,0.2071915896932126,-0.11792995634782441,0.3782162023979394,-0.4230863417381043,-0.3365105834697929,-0.2618190391715262,-0.49279324670852354,0.30194142612510727,-0.02533161120098567,0.06640164144776282,0.39396067903036947,-0.20572911022418508,0.6845061133810754,-0.30869337566637184,0.15790669642525607,-0.3088643513361476,-0.16519679031556833,-0.1902372069242536,0.33039405470255145,-0.15727881271925104,0.04205907549769595,-0.2941017057033496,0.17850564299192712,-0.299702180753627,-0.24954836824700047,-0.37837678156166055,-0.25853459852283367,-0.37364589597936904,-0.15313229361080358,-0.270481009928171,0.124204256660904,-0.3286772957539153,-0.1399377201270786,-0.15913520931311903,-0.27658559513643716,0.27518651180164044
% Fair/Poor,0.040554985344022486,0.1517005621144736,0.28113487655517444,0.5858735996221934,0.27153883732797435,1.0,0.8678829416460601,0.5186398806653686,0.28008379478317097,0.23571570056017146,0.3416438534107948,0.17712781382051793,0.5134692604576819,0.17021959774416567,0.06378585329435858,-0.05841725155997976,0.03627451997832403,-0.44292212940060366,-0.14319581857882083,-0.1586561877883962,0.00317096137317982,-0.08082168060826367,0.2943144318277305,0.665249657675121,0.3546623253645809,0.6223969737706248,0.3121558333220209,-0.047557365919133204,0.4250721642804277,-0.11800934796047859,-0.023397914821364794,-0.09432499230460935,-0.030203440370390147,-0.05945413530309366,-0.012380725539536232,0.12477681834294735,0.04515499584856105,0.25276083789775095,0.07302923678205027,-0.2984549973028356,-0.04550643476397724,-0.05058490890643144,-0.262308377696594,-0.25071302362036013,-0.09229111238649466,-0.21572220976682394,-0.2654019313979887,-0.13013612180438242,-0.24222957442833254,-0.10126711037275658,-0.06083641191284515,-0.47984411907941565,-0.07118111258785358,-0.11132121103105012,0.3366110580685791,0.5441045578266223,0.32027347810229495,0.24100625619348254,0.2529291948833274,-0.5228095824849622,-0.46968717318501996,0.246887823121007,-0.02515432844342932,-0.06164514194306271,0.3588311077211477,-0.09328152260887829,0.031594869595727264,0.0048661156156489735,0.2456168069036482,-0.1590543359864099,-0.06224900097108839,-0.23832629798012248,0.2391961324982106,-0.019344189671352777,0.32771830292491083,-0.006010542073398253,-0.05962547340441478,0.11185229273229808,0.2686118770461933,0.19215769373618524,-0.10448325374013741,-0.47135967038499266,-0.11942937528848899,-0.0313030538103053,-0.39065537593037336,-0.14008428314145469,-0.15387661639497646,0.1848282496489886,0.3392110489169617,0.6098683014557229,0.3057059110950989,-0.062004688957222547,0.019959704005058858,0.26447658657040307,0.2422789771521512,0.187026323265333,0.029168588876481077,0.22293528895757478,0.04656981665694278,0.23745580509245964,0.25436582523015566,0.9031280002125052,0.6249060534667731,-0.11871547201570007,-0.10698248544669167,0.08516740167171231,-0.12068836492352648,-0.2574039602044756,0.011079436258808455,0.1994037744499364,-0.060756582720559386,0.09397501594703454,-0.16266715312430832,0.0789086226495461,0.6090521970909288,-0.06923717260157482,0.09102439151170195,0.13591502191593074,0.3597369345180793,-0.5050138799914584,-0.19541091271879404,-0.2494963730410011,-0.23810469154705505,0.6682225059407073,0.05420696215375493,-0.0659504540615949,0.3723794818541766,-0.09561110045514214,-0.060318472062811435,-0.1430701383573069,-0.39130240074767814,-0.1086446863022133,0.03586912585740989,0.23616807798608447,-0.1992425200168563,-0.030645169814393743,0.04005222390011928,-0.01922897385749396,0.2690171378574519,-0.06818176698037096,0.0031720928725630735,-0.0641209427846233,0.02501027581708061,0.13727665402444164,0.663223356255956,-0.23197883197883198,-0.7119672948729656,0.14005650242385242,0.46675983178300845,-0.2688232764414152,-0.24141985942049138,-0.23492337857782536
Physically Unhealthy Days,0.03183866123149539,0.29038090034010383,0.3396871647991819,0.49448094424459915,0.33481937470938766,0.8678829416460601,1.0,0.78933098385872,0.2416729801910861,0.2124451477255188,0.2136355850469573,0.1862877560861952,0.711619517752041,0.1150486189478726,-0.16303043485172014,0.07358416001159086,-0.008205512027598116,-0.5656730076520181,-0.12706902930021127,-0.1576336539586437,0.0047691537113795516,-0.06228391811002634,0.2575433647043776,0.5451871732536465,0.3439250050576466,0.45419364459493183,0.32951844964579174,-0.07085360566089659,0.4000243384801106,-0.13458634163502953,-0.08396454791378048,-0.08961207435252247,-0.04573776266047306,-0.1306732322605405,-0.06476248464024101,0.12831491719714233,0.01461082731408741,0.14582556380529585,0.07866079212311723,-0.24467946635026477,-0.06352173645808301,0.01868937245453028,-0.213702449075937,-0.19133462571713475,-0.08957976598773738,-0.16387908394536024,-0.17962183499155882,-0.184744996924177,-0.2366116250059817,-0.1150898704195429,-0.08742880521735447,-0.45173156063606035,-0.06990256277007,-0.11642095330436138,0.3558136921280945,0.6349111782122573,0.3755157422554737,0.42453210654688595,0.4269904149033883,-0.6852827435971741,-0.62568123228146,0.29161436201317686,-0.03325594349974373,-0.08078155028827674,0.3818110753141092,-0.11246094739456627,0.05071293550421849,-0.03122237805199299,0.17998774273674076,-0.1435265379422745,0.026507090949233595,-0.1209942134126153,0.2853617572576501,0.08889041885414718,0.21335929211850807,0.1648639375182797,0.0004965985220399498,0.10078923504235074,0.2792426952496231,0.11363339674137898,-0.12164718915037448,-0.4033177911100557,-0.23879173290937997,-0.08940314458167846,-0.24244469721452613,-0.21399058405260288,-0.1186268264379871,0.2961568094779945,0.3650289177239628,0.4832426267371952,0.3627756487054463,-0.1511428385083998,0.018054702197230564,0.2314507257679208,0.09260181677322236,0.07389649303477723,-0.0715561369321643,0.2029452814946147,-0.06327264395124954,0.10480446279573083,0.1225564157475612,0.9904960582835388,0.8791062165386002,0.06491908254883992,-0.18565596945692342,0.07646344603452003,-0.09451005020839646,0.0005824569991752737,0.02444586803331198,0.2707610924440257,-0.14438196314243784,0.13418141518134705,-0.1870272483641929,0.1232676413401548,0.5524981015985514,-0.09517432719184392,0.05278546645354957,0.09913927413699015,0.39451397273865346,-0.6253865141196917,-0.30547297020241354,-0.4471374237345232,-0.45430600042707664,0.6925495044685449,0.0861284707823509,-0.04758367539079627,0.29933172317420603,-0.15913461260778908,0.07732109224646026,-0.13101097130105993,-0.3003936273878556,-0.09735707097159595,0.13155496487564078,0.12630444973407298,-0.028439696957883384,-0.04292325717319909,0.02276981680688369,-0.059051994886300724,0.13533611425155614,-0.09200246264514196,-0.10325472730384709,-0.10219701594336003,-0.07924576159364387,0.017779201366645313,0.33529371677797465,-0.21125041198900338,-0.38715021843629216,0.03383524775471698,0.23341260249762844,-0.10011843856945707,-0.18552999372545823,-0.10096917143889368
Mentally Unhealthy Days,-0.0039247916739917725,0.37311413055121945,0.3545089090464872,0.21700775617419907,0.3287863634996595,0.5186398806653686,0.78933098385872,1.0,0.1715498002298429,0.20861442608736316,0.04088425289805588,0.14905882422080266,0.7197284487502039,0.07512757558236202,-0.3354563381723452,0.21773479075982508,-0.07543128954382029,-0.6225680490886943,-0.08159153984811013,-0.14390518292006835,0.050732976413349465,-0.06998011137135496,0.14943088253355483,0.33859812086269486,0.35466180990038976,0.1727476059558756,0.26983475180942923,-0.041564709043752514,0.40221382815085965,-0.08734527698900314,-0.05376878485894587,-0.0726567544588507,-0.05153020944600229,-0.09271860194330392,-0.0021855125449384365,0.10907131770147492,-0.013362903567565042,0.029771475309645013,0.08021163025785034,-0.12385933173192015,-0.07638372279290094,0.03899231378674611,-0.12029897728917126,-0.08618740439246206,-0.02578816240391674,-0.08519675600128766,-0.07455517375662872,-0.17156916800974356,-0.16011198465753831,-0.1011899113248727,-0.08743176108456947,-0.27880298873343123,-0.025829892908437322,-0.09446857172559875,0.36559811337723463,0.6123638453407385,0.33751360989241175,0.49669878528822237,0.4896705228695559,-0.7004906637590296,-0.65157781021992,0.3361139095839087,-0.011266855544452633,-0.06528626153899818,0.40061077204690804,-0.08382085023728747,0.05723729044568625,-0.04240923726333278,0.09306832538606558,-0.0895580604903315,0.10258814513447874,0.03034151873118306,0.25624729953399034,0.20521606109495447,0.08186645611764094,0.1702812518549553,0.03699290202176098,0.10732464618908154,0.22971920061889453,0.07754860291870401,-0.09838816813537402,-0.24726532138063612,-0.2800948369894558,-0.16244505525557407,0.04430305262167621,-0.24910125999203134,-0.07253670373634516,0.32097992538949993,0.3514104757612731,0.19212027755576053,0.3513377269536183,-0.1872850983567854,0.08362392234354973,0.10829065535279113,-0.09267818849420555,-0.08302283770242001,-0.07439480161824354,0.1739225348664398,-0.15860875358018478,-0.10189698503973779,-0.013215206207955075,0.7674773058819233,0.9578581286865681,0.26910029583599016,-0.14249009592378512,0.1199323712137483,-0.017105763287542056,0.27513469696780507,0.044488973789196,0.21032137518684604,-0.09740754398473196,0.09406596044049818,-0.1436217523718373,0.13691936514845715,0.39261098319879423,-0.06044496785361545,0.1262203526490597,0.0747664498341638,0.3146184021573596,-0.6130594665893897,-0.39512737126347813,-0.5416152307411338,-0.607302119475524,0.5788071629421341,0.08427500945044379,-0.0001785019858348191,0.1691979886953259,-0.1605297761952265,0.16289281919356938,-0.07228669252211853,-0.1486005159643818,-0.02658888355065661,0.21652965947771335,-0.01043638144154767,0.19152418734323942,-0.029572529938804142,0.0504399024236358,-0.04805969119150914,0.043420582695706235,-0.06856451588575657,-0.1331679318353162,-0.07596820529627199,-0.11908686760704441,-0.09422429411800914,-0.007178878093420822,-0.11777496839443742,-0.030252577573874007,-0.05032496011760359,0.023457067304662932,0.1295783787322155,-0.05379490088725938,0.08469096442531597
% LBW,-0.04464943939948325,0.20848864748631968,0.277952873191813,0.2550340450934215,0.15211370629301252,0.28008379478317097,0.2416729801910861,0.1715498002298429,1.0,0.3243219803839611,0.5485738155015609,0.6506770755924243,0.23457264682887682,0.119939920630968,-0.12780931974689258,0.05950939478843985,-0.005535847994450824,-0.1431605282344901,0.11762350261236565,0.12653158934258055,0.018423959983748663,0.14585964257278958,0.28009780990250716,0.29087451942146986,0.2316433370706842,0.18787514937614933,0.17147269344472083,0.1171671024356305,-0.13469787921682075,0.0015698720906453085,-0.09902293483497612,0.06049480213164025,0.030028212810266047,0.12114603457036087,0.0037117290813986595,0.11794750241972626,0.1596655559700021,0.12611865944984146,-0.024727660344905793,-0.14726372620441716,0.03032855184396906,0.025473949442232732,-0.13545017740476722,-0.062470969014722384,-0.10937972163889098,-0.047930025899080235,-0.00650116199054386,0.02123581056682968,-0.33638286546742296,0.10973715216044816,0.1395159559377608,-0.06863567856631644,0.17277541480436143,0.10219738183676103,0.32549967983264033,0.2907163983961672,0.15400791057208338,0.016846366566079015,0.07008563056510696,-0.2345980767131401,-0.2862237543451815,0.24669662788187616,0.1675187856533522,0.11847030322545896,0.37039295954220697,0.068870874703704,-0.1440952214375853,0.19272352718296645,0.33576808048796875,0.12437895228494607,-0.10550222354679849,0.03754345363352081,0.10316744948899458,0.11343812044377082,0.010253215110135138,0.05526756978454273,0.1339306158124136,0.015655870746139264,0.08862901926992174,0.22198769080584455,0.10989806604700551,-0.029118282899187248,-0.2309306983523302,-0.03434114834985975,-0.3446967776382047,-0.10729971744186809,0.1672455860679238,0.26616332785536373,0.30794228267451723,0.3260006449812152,0.23167153680250357,0.03443852633021582,0.04192222244569612,0.24286725005711943,-0.016195681490977214,-0.03128648246852649,0.08997365956629409,0.11878919488006516,0.18499111072146232,0.20431266238422754,0.17383632412932556,0.25803480328272177,0.18644969091069202,0.04215068166388975,0.12999945010116326,0.21274845907433304,0.15134690980073687,0.0790143218635028,0.15358110363646793,0.0961616741836662,0.03438127899534459,0.12447030233274282,0.081188856733861,-0.1582772922897566,0.35240560335406,0.06086016582266318,-0.3420938346396221,0.141100549935966,0.015133992817870506,-0.225297968562793,-0.07309627528153681,-0.06178593247015804,-0.04995967853606813,0.23244387408289527,-0.020292200361870367,0.05401110432494938,0.33416686126580225,0.06051791178372184,0.04544152328439768,0.11224854500229418,-0.15386771503495805,0.13166874160277156,0.18394623744027921,0.05743828516745782,-0.13427198301261753,0.20467688838420445,0.2353033867345934,0.08448621031662629,-0.19274522572883265,0.10156872611819706,0.00962560129160338,0.09700675163391094,0.06070531338383505,0.13555654852896817,0.06403026659931244,0.0558561986499246,-0.2237602757458798,0.02334981296373159,-0.019672221049568665,0.009708782514669171,0.07280665821641105,-0.1786288113257746
% LBW (Black),0.009126730494332833,0.28782460029125867,0.7279673412336964,0.158107634314668,0.21212409100615323,0.23571570056017146,0.2124451477255188,0.20861442608736316,0.3243219803839611,1.0,0.005069611255063494,0.1921132642432483,0.2769841812180178,0.11878746737261152,-0.12971614828029127,0.3177145771356156,0.05942627854033665,-0.11373849989896759,0.19703775525401457,0.18842900395334844,0.06953254416898806,0.28879837441070405,0.3303122985922555,0.25667163764321554,0.5702958184745593,0.37435819960040523,0.26764675579834607,0.24133156560579452,0.1884851448506312,0.1606187003713239,0.1150725853695731,0.14403961863656742,0.24784164553610777,0.17434733649054543,0.20431500372627392,0.02450251373359323,0.4077444767551621,0.08604763537305156,0.15516265895589598,0.019011126213059656,0.4113034858485321,0.12220427550527176,0.08905032945454974,0.06513725926454073,0.2862913289317939,0.13026595106568356,0.09487692810747865,0.17123177627215727,-0.28042884741218665,0.1546776232708082,0.18840160119401028,-0.10685051752591529,0.20234378240357756,0.17194476721431526,0.1279083008334409,0.08640683477303931,0.5099509908240084,0.1743420335204893,0.1094415281809563,-0.14724586561726574,-0.15515238997200245,0.09939653515159448,0.2465316667118775,0.1953242252564213,0.3434384606097911,0.23467234423943828,0.23309761956887526,0.23325123117653457,0.297348356832111,0.17407852728300915,0.14931214327037018,0.29922511539180136,0.26406736834937455,0.18463878781675114,0.17408214708087083,0.045364517769468364,0.17529210688097896,0.48881539624675846,0.10058886081935352,0.41018996423586584,0.17422755413472213,-0.191688556372606,-0.2538948895838325,0.18066166982761633,0.14056948115591286,-0.08185086842796153,0.21492223433051805,0.27571333674928383,0.6847876939634524,0.15471440224048635,0.27021516282168034,0.27659829825188964,0.36315986289902363,0.44599736474817253,0.3609557073488583,0.36780170769008763,0.3857827222323843,0.41714796009364896,0.3415457826754307,0.46978105101513296,0.4926247349322055,0.2217649987705636,0.21198695854892233,0.11479450434686041,0.26671054475575856,0.36306523790474365,0.24567111575067266,0.3029677082565153,0.1530770325341544,-0.07185505322973576,0.3202016294823003,0.3246179389885105,0.23027419465383675,0.22894816895106446,0.18808654135031985,0.2180182585141131,-0.0048655587064217656,0.11131787440665289,0.24123691204839848,-0.11236667360391081,0.02353444319526567,-0.0214011976027005,-0.03721806190485126,0.18752551622412383,-0.019234168625493608,0.07761020800034976,0.5467454302222003,0.15709080743728632,0.22751850383653346,0.15875614044687494,-0.23436908236514187,0.20778025611414705,0.19130826297175454,0.08555204562311822,0.022619570951320767,0.5018329219796578,0.535698604660815,0.17872446647253734,0.008956800508279723,0.16283339084108,0.0974436617784423,0.05433559488492495,0.03903378220948135,0.132018488009838,-0.04727691136057642,0.17775745914850274,-0.09938761962503576,0.21853849466399433,0.16607575482038114,0.018510029400194614,0.19883215747171556,-0.09721808315181324
% LBW (Hispanic),0.04622013278316454,0.05465701190569701,-0.04844212023967412,0.4857948537168155,0.04389093909402385,0.3416438534107948,0.2136355850469573,0.04088425289805588,0.5485738155015609,0.005069611255063494,1.0,0.2327775243704868,0.005305678273820606,-0.037107391316100156,0.27098860974774974,-0.1755516547871906,0.13963397985334303,-0.08354052272871748,-0.1078611211662689,-0.1272449991144666,0.04766269788935516,-0.09705238030942061,0.022687133303572155,0.23954620448958147,-0.049982874719374674,0.23329056470266846,0.10235740900202285,-0.11151702803914242,0.03323357338913554,-0.091315511892951,0.022983763726032017,-0.1116280978289356,-0.08167428565601478,0.023485479548699662,0.028195325729143038,-0.01696035034970934,0.02445187919992033,0.33744388952814663,-0.13189562687953457,-0.23423825553443633,-0.1773764161178758,0.0011027443014197315,-0.13324194462987043,-0.20761179442267663,-0.24432172466079966,-0.03727885803899877,-0.1511881098073376,-0.042326867137186405,-0.11174403591783323,-0.10118108622092153,-0.06404138295255586,-0.13989761982159812,-0.0822923206047877,-0.10416927666647074,0.0958045410009829,0.24497770912651284,-0.062075861123447686,0.08451451398582922,-0.011227230629490818,-0.11442074238027851,-0.11320756866702003,0.07702087831181892,-0.06394652620508734,-0.08982520521606709,0.19302563175197202,-0.11530725468356064,0.011933793444057199,-0.008409821034589789,0.10382213988417242,-0.11447743487547618,-0.16796103969193665,-0.2644693811200892,0.01137367940923491,-0.026734581374455293,0.07940827914610257,0.07647729217563906,0.022512970146356746,-0.14471357249674344,0.10403872642771206,0.15619011859382032,-0.10080455550770356,-0.23714010249451736,0.004966239614097468,0.09864022563962031,-0.3706179042022208,0.09529283811860735,-0.08813824341443463,0.06649567162719038,-0.04464152961299458,0.5588377012198047,0.08925470059656299,0.10555464645927486,0.007198692016641203,-0.003540630854994696,0.15155175773815105,0.04708375730026083,0.08514330103812957,-0.06547486510359155,0.016182385164753312,0.1044203412529957,-0.055940219006956726,0.23660235998537227,0.0688276520542681,-0.1277723825968953,0.028358356814299747,0.03267124084513965,-0.12844463768876643,-0.34362900029040905,-0.0574115116687119,0.044098761893884265,0.05711946425499474,0.1426506373553589,-0.06322197338699784,-0.16523002795005773,0.11357610537609708,-0.1365585247211806,-0.16144394526399947,0.11833176589337573,0.1049529678218465,-0.19527311029849867,0.1450926110779137,-0.0518734399008076,0.046642366677733846,0.13644196926875812,0.027957982057621976,-0.1116299832802541,0.1592762115598191,0.08039109829807804,-0.025680860808827827,-0.11038016481544766,-0.19874059606965033,-0.08815166996127415,0.021413925004086773,0.13422905902380772,-0.20733013954946095,-0.09278539775067192,-0.1045740881898484,-0.07349783231723911,0.01017014362918857,-0.09008369674555268,-0.05785449664507598,-0.08286887059542684,-0.02897747506629816,0.08125842255087654,0.4423790160721199,-0.16883426416109082,-0.3583937182764997,-0.03904776793365278,0.18828113521532094,-0.10936878981649806,-0.2095255650888607,-0.24664355370300634
% LBW (White),-0.11982203503976625,0.281738725003105,0.308249222137128,0.2610242480518028,0.20976971128850994,0.17712781382051793,0.1862877560861952,0.14905882422080266,0.6506770755924243,0.1921132642432483,0.2327775243704868,1.0,0.19844008346039355,0.13705207862993807,-0.06555268425124051,0.1478103939992641,0.04944964865701552,-0.03339113101053444,-0.07927482392828226,-0.04205654893524174,-0.031045552028135408,0.05394622710727723,0.10939399235263267,0.2338648316015123,0.26834701272259187,0.13939548579725122,0.3125773224606632,0.06316447337460009,0.027770038607454084,0.023435763950974946,-0.029108103909443843,0.014156211935087362,0.025718282128031508,0.07396967462203025,0.040537599303515075,0.011194684017698214,0.17453189436420707,-0.033077957185761,-0.058241207331361546,-0.1864965970657472,0.06278862219122101,-0.054400376030725506,-0.14604457498214204,-0.10035311981397593,-0.05134245533739724,-0.10996803661486979,-0.05554893942810557,0.04978282122802405,-0.2523965079244164,0.04498266278356436,0.05243368869784948,-0.09694994591877404,0.09436699240918293,0.034316134775138965,0.22379036672962002,0.17783499159940627,0.142162831263593,0.03454603470238872,0.18332007934514175,-0.16536614116983048,-0.2058237081895239,0.1041624326379932,0.07093283703281217,0.058048965711674186,0.18268612289620625,0.05613439392983176,0.017510463245419265,0.08135094701988585,0.21100323005137236,0.08642078978022225,0.14957697666676095,-0.07918705659008783,0.0412080138719362,0.05047887438023434,-0.02500588478412208,0.06867159527816695,0.0849147737878014,0.07568152387593867,0.08788170241594725,0.25417444986516335,0.04585805893214221,-0.11434053030048935,-0.2431597763241995,0.02478954765734155,-0.20681979169844322,-0.07024062776600741,0.09858832568618801,0.2616591578520694,0.34869661355488557,0.2505271656771998,0.24270006526869667,0.05351411023755163,0.25123966090375666,0.11138848032066558,-0.028885670283212837,0.036612900665488085,0.14291905536891975,0.3269001406386544,-0.05138021887339914,0.08203592361599081,0.04984428232309811,0.1791358608339409,0.16069199015733207,0.02814091704275908,0.034884304146189635,0.09497616176319176,0.10316825798881515,0.10924860225942318,0.0925468442142458,0.0726148982505725,0.0630716847728331,0.2958544721995202,0.06826418616634569,0.0996075862918304,0.11977238615779826,0.023553833143121854,-0.051530181655933725,-0.02090321142307461,0.15023847985329367,-0.14232131265841746,-0.07490112449910803,0.033683806532544165,-0.1493032357738026,0.12208314867295962,0.12523287724232574,-0.04612591244430113,0.36552531907180325,0.10784029365933376,0.22123647557475237,0.06755451682288444,-0.023102457946616386,0.07761313548446716,0.11481822166062174,0.023179847011258744,-0.04233588658083826,0.09418684461920722,0.07804339648808294,0.06204305965215329,0.10699117666447883,0.046876376161743574,0.009602618027322343,0.002740279901922074,-0.0005032154525877609,0.017779097033628722,0.029379732199789677,0.059424581706488885,-0.0445757186210626,-0.020981022400212674,0.033784699946844216,-0.06370692109171315,-0.018401243808780002,-0.18018027019686347
