,FIPS,Years of Potential Life Lost Rate,YPLL Rate (Black),YPLL Rate (Hispanic),YPLL Rate (White),% Fair/Poor,Physically Unhealthy Days,Mentally Unhealthy Days,% LBW,% LBW (Black),% LBW (Hispanic),% LBW (White),% Smokers,% Obese,Food Environment Index,% Physically Inactive,% With Access,% Excessive Drinking,# Alcohol-Impaired Driving Deaths,# Driving Deaths,% Alcohol-Impaired,# Chlamydia Cases,Chlamydia Rate,Teen Birth Rate,Teen Birth Rate (Black),Teen Birth Rate (Hispanic),Teen Birth Rate (White),# Uninsured,% Uninsured,# Primary Care Physicians,PCP Rate,# Dentists,Dentist Rate,# Mental Health Providers,MHP Rate,Preventable Hosp. Rate,Preventable Hosp. Rate (Black),Preventable Hosp. Rate (Hispanic),Preventable Hosp. Rate (White),% Screened,% Screened (Black),% Screened (Hispanic),% Screened (White),% Vaccinated,% Vaccinated (Black),% Vaccinated (Hispanic),% Vaccinated (White),Cohort Size,Graduation Rate,# Some College,Population,% Some College,# Unemployed,Labor Force,% Unemployed,% Children in Poverty,% Children in Poverty (Black),% Children in Poverty (Hispanic),% Children in Poverty (White),80th Percentile Income,20th Percentile Income,Income Ratio,# Single-Parent Households,# Households,% Single-Parent Households,# Associations,Association Rate,Annual Average Violent Crimes,Violent Crime Rate,# Injury Deaths,Injury Death Rate,Average Daily PM2.5,% Severe Housing Problems,Severe Housing Cost Burden,Overcrowding,Inadequate Facilities,% Drive Alone,% Drive Alone (Black),% Drive Alone (Hispanic),% Drive Alone (White),# Workers who Drive Alone,% Long Commute - Drives Alone,Life Expectancy,Life Expectancy (Black),Life Expectancy (Hispanic),Life Expectancy (White),# Deaths,Age-Adjusted Mortality,Age-Adjusted Mortality (Black),Age-Adjusted Mortality (Hispanic),Age-Adjusted Mortality (White),# Deaths.1,Child Mortality Rate,Child Mortality Rate (Black),Child Mortality Rate (Hispanic),Child Mortality Rate (White),# Deaths.2,Infant Mortality Rate,Infant Mortality Rate (Black),Infant Mortality Rate (Hispanic),Infant Mortality Rate (White),% Frequent Physical Distress,% Frequent Mental Distress,% Diabetic,# HIV Cases,HIV Prevalence Rate,# Food Insecure,% Food Insecure,# Limited Access,% Limited Access,# Drug Overdose Deaths,Drug Overdose Mortality Rate,# Motor Vehicle Deaths,MV Mortality Rate,% Insufficient Sleep,# Uninsured.1,% Uninsured.1,Other PCP Rate,% Disconnected Youth,Household Income,Household income (Black),Household income (Hispanic),Household income (White),% Free or Reduced Lunch,Segregation index,Segregation Index,Homicide Rate,# Firearm Fatalities,Firearm Fatalities Rate,# Homeowners,% Homeowners,# Households with Severe Cost Burden,% Severe Housing Cost Burden,% < 18,% 65 and over,# African American,% African American,# American Indian/Alaskan Native,% American Indian/Alaskan Native,# Asian,% Asian,# Native Hawaiian/Other Pacific Islander,% Native Hawaiian/Other Pacific Islander,# Hispanic,% Hispanic,# Non-Hispanic White,% Non-Hispanic White,# Not Proficient in English,% Not Proficient in English,% Female,# Rural,% Rural
FIPS,1.0,0.08028511647384441,0.016074710549525736,0.056887394140500765,0.10073802510123424,0.012901629167105032,0.023288813061324586,0.005797748507143377,-0.05831284218243994,-0.0012452418181211715,0.08209661105166582,-0.051996894018121534,0.0341150692354856,0.02207520393602624,-0.08143616045249248,0.056436074636404376,0.032676554467239285,-0.0278125190574639,-0.061006161712087066,-0.04934798791671373,-0.03488534405705795,-0.04715894910151949,-0.2088774431903095,0.08377605503930803,0.04366160271552229,0.05212848618580271,0.06961894940046154,-0.04240450468522924,0.06464592047516066,-0.05623114821925586,-0.027248228412265037,-0.05817133728860918,-0.04147397988469888,-0.03850741564023416,-0.004652351735705269,0.051304475279580375,-0.008414597578175276,0.08004363211707043,0.07795324372183768,-0.0843718501904389,0.015610684306605883,0.0783500906123838,-0.10243808543245729,0.007783804413161313,0.04891865762964671,-0.00889399700952417,0.009162404150515637,-0.05979791115635202,-0.03685927435557855,-0.0184619259746324,-0.024251276552323203,-0.059442293139423424,-0.03301466692624844,-0.02081968685751715,0.10975072409346483,0.031051614181377658,-0.006842189883659939,0.05143928895841568,0.04425713948794381,-0.009499441325959127,-0.09851671660422898,0.1154379894980861,-0.04371240568135667,-0.03927451384468934,0.08830221031221558,-0.02828208415586014,-0.02014612111962044,-0.042725597830825954,-0.04275727709900602,-0.04394921601301337,-0.013428091964964485,-0.005885389451334617,-0.01865564557232333,0.0009553760712200407,0.0028088257946322745,0.029946015024048398,-0.009402970249477092,0.06892554560692668,0.08265320484375004,0.07566590599186607,-0.023352994575565007,-0.06498367139281803,-0.012596557614057716,-0.033288450996500706,0.045049162076374716,0.06435407827763678,-0.050014563348631164,0.006266785408693878,0.06937730023386623,0.06073159841801194,0.11942590092905388,-0.06482699804261831,0.11556185996561553,0.01834028322647974,0.26503255987526797,0.2031526994398835,-0.08023858164906221,0.19145288423027046,-0.10361352218078536,0.10527640594626202,0.017916345183896502,0.010326745158141339,0.034830035834471904,-0.044696520311229636,-0.06093955958606806,-0.10406533884283427,-0.03763612051985659,-0.0015289917524002193,-0.05533652769215003,0.017061719848475012,-0.051259108832460314,0.09708439093197435,-0.047184278778098644,0.05245634495787466,-0.011416544264404747,-0.04178322488106782,-0.011812069172107835,0.011840140693506251,0.02317621549877744,-0.06201290155433073,0.022701917542065932,0.014645192895353574,-0.06915632067155207,0.03865945447995861,0.03195447550250043,0.045651404991396256,0.06833504425943972,-0.05140907752087331,0.028095977714141473,-0.025578090639208146,-0.01429097014098805,-0.03307355532387813,0.049138057377502466,0.02495470520611913,-0.050954087977259484,-0.04148071954050015,-0.02649461145680908,-0.04769171008783869,-0.016157069459320036,-0.028926942749407065,0.004792630767709165,-0.03638775485855389,-0.055491590006317086,-0.05467266926840577,0.06965637526141047,-0.01735023228289023,-0.06362254845647579,-0.03990008717619967,0.015495330116717398,-0.01675822452285594,-0.05143710769018512,-0.04362416131580315
Years of Potential Life Lost Rate,0.08028511647384441,1.0,0.5147048451456159,0.5111772214255781,0.841088023100534,0.14882215267891544,0.3096879850761781,0.38910970389279,0.21796381988717503,0.3190539667891136,0.2884744563133208,0.47764491737866754,0.45193731141886095,0.2323086735500943,-0.13877459026516856,0.45341794052514384,-0.1313108017189528,-0.24328825744720545,-0.17015426110213744,-0.1837817404463967,-0.07557089643590663,-0.21747055044896274,-0.015204144498991537,0.2118886104377858,0.48216104186773223,0.343951923438192,0.6097457418126152,-0.16339030505410798,0.18302952547276907,-0.2252258365518694,-0.20699302007582163,-0.21617481869022065,-0.14025743084692838,-0.1993919301003565,-0.17150440536604897,0.23988800978777144,0.19101810103134423,0.15061111699733984,0.27497471021835784,-0.09214026297098614,0.19076790648816988,0.10581490617844327,0.14118876710435357,-0.06635568915011171,0.17290630436580437,-0.009205679234669088,0.08680478748163148,-0.20722738911717659,0.07534501083764723,-0.232008756929505,-0.2151397324705072,-0.30108443458653555,-0.209170111123803,-0.22200816725431327,0.2997623482060978,0.3717881142029514,0.4671720233618895,0.18878542268861262,0.4308980796700647,-0.41957545773857197,-0.36520478568878717,0.09299953748733632,-0.1623460216028942,-0.18768332124414502,0.2803661211122263,-0.1982749903930941,0.2215622133644067,-0.16163221815770484,0.12430211807234126,-0.17234794459838598,0.719423482131338,0.09456160536986226,-0.13307415773621895,-0.05931646070418514,-0.1903897494527234,0.179345367691245,0.22578839649950272,0.18307790977845667,0.3516444395921349,0.4352696361026319,-0.2184982815594436,-0.14954134510834008,-0.791539821188041,0.23010720423768588,0.39092618970283255,0.34711190209094195,-0.16295336920171574,0.8481282263743872,0.5339142697467802,0.4420901558726952,0.8244568106735258,-0.15204095863089348,0.44157937862174224,0.1629645010106949,0.14993468929250617,0.17508129763203248,-0.10448614046782234,0.38643711761373595,-0.14220891115157025,0.01789709350540382,0.07946056411863003,0.2581684982128432,0.3434513721148013,0.3953561386210847,-0.13733702443825554,0.029717682357558933,-0.17140528578498285,0.3853633809498706,-0.19446374355303364,-0.08428077253993718,-0.13530001589108762,0.3793052553004547,-0.18914616787321709,0.5706676819651969,0.05487185386147306,-0.1700981515142493,0.10025112990822108,-0.028794208154527653,0.3670422567286876,-0.3879102157055446,-0.2724827622844363,-0.17255270075776366,-0.3831684171726962,0.2429944697067894,0.09925709869176927,0.132176124984283,0.4167698360271265,-0.1640865323890806,0.6346865966102686,-0.22464747544880148,0.19499859386338267,-0.1741641393096704,-0.01790130991857701,-0.17229175579269532,0.3722577656752128,-0.12793471870158227,0.11395677843884809,-0.18243299561909196,0.12472418874735737,-0.223029898557993,-0.30820541883748015,-0.19397254747847878,-0.20797901822349876,-0.17951495890030225,-0.2983321151346039,-0.22520025231558757,0.2825634179704472,-0.15456043314412113,-0.26163873149684647,-0.04975675595030662,-0.20779142240241036,0.27930477716564567
YPLL Rate (Black),0.016074710549525736,0.5147048451456159,1.0,0.24974378332567854,0.47205630595003756,0.14367792499974544,0.2662899641707912,0.2943675727476088,0.27494202546481833,0.837730924713343,0.1370412882193356,0.35306298339409203,0.42089348846610486,0.23271631334601445,-0.202981278095492,0.42621879392087275,0.07527354112478546,-0.07154615421875221,0.06363698046790651,0.07171464027978279,0.07080434482294573,0.03408761651479462,0.2565391625025208,0.2534470591996609,0.7744080460977483,0.3737338335145477,0.4625278955539595,0.04972922937911362,0.1298852383755027,0.041143098323720845,0.05628713208750764,0.036573647516498546,0.19051900431374996,0.04885604425875556,0.2006306743946541,0.06504200454865684,0.6707123431086845,0.008241476984156077,0.3300030463365432,0.0786709734449387,0.6252083814064001,0.1646707320155851,0.25398265467337855,0.1390981945653213,0.5123919663345045,0.14617911069194475,0.2497868541024601,0.03863610164910067,-0.14945485908502767,0.009283639765382217,0.02319926723982292,-0.1902694424697949,0.015395892765519437,0.0211462484017169,0.07378412405140475,0.08845095571815968,0.6673990305151717,0.22782885143892473,0.19566651066700844,-0.2680587545711714,-0.2507264990214037,-0.019122010380050732,0.05022865797719129,0.037446567032486576,0.35950120431374155,0.073314630690926,0.20093676940371827,0.049383823118317065,0.3391828152275248,0.06559064851304763,0.387859671098052,0.33350361834645914,0.09349091783645982,0.1475646419326983,-0.05618662955502064,0.16159125511555195,0.17926734776358016,0.6982680085255385,0.26149332117648777,0.39810103633824,0.02769102627947861,-0.2684287531337671,-0.4267675675376839,0.7563535102350689,0.3324086672626744,0.2790778766474719,0.07971284037943939,0.46042330305036605,0.9788444261959742,0.161315141072073,0.5103541953397246,0.07586459083310486,0.5318432508734876,0.5481487780423941,0.36893697404272907,0.40522067941207124,0.13418856394700673,0.5075650761013385,0.35258634152273244,0.53852265383293,0.5721972624496292,0.20766644977050425,0.23853983493861028,0.29891452272194147,0.05543828267789761,0.2702930209710246,0.07361701596368865,0.5435927531288676,0.03500974637978795,-0.12269464362045863,0.14134457169793974,0.4985106299771459,0.07927769486964233,0.4078905101604573,0.2708727294640056,0.04089969765775168,0.10270819476664038,0.13405967643015376,0.324593435315775,-0.25182175968111853,-0.063529900919108,-0.09661037270617272,-0.13989253729077458,0.21748364401747342,0.1577360967020221,0.3646707845556053,0.6358778041641194,0.08329148212780078,0.514489731305661,0.02767804252303044,-0.1898421040420707,0.058362799805850255,0.1692243881305266,0.012241507828152141,0.15715951535089925,0.08314574607913162,0.5721490120023636,0.043464830103426395,0.025445387526577636,-0.013724670886174574,-0.0006773263795946034,0.03610097811609452,0.028801922966434544,0.009286031807924793,-0.3026915947395014,0.054827977938203605,0.11179152501678484,0.017393303560938794,-0.0880112218047103,-0.01621231530579524,0.01972220194652673,-0.024789105448839787
YPLL Rate (Hispanic),0.056887394140500765,0.5111772214255781,0.24974378332567854,1.0,0.49283367018601776,0.5079752992415775,0.45484361573209514,0.2130546099770193,0.22350355326078622,0.23266933096095044,0.5877376690706962,0.43258348191868534,0.23690097970438007,0.16744774848109364,0.259562567278248,0.1292666280323616,0.03047046865853587,-0.23915002243275477,-0.12002071862009722,-0.12103796644006073,-0.06776543031294516,-0.09727307901539985,0.07620638918086484,0.45793171060910404,0.24290615166215437,0.6316599734982004,0.385706368842916,-0.1033510634094516,0.3325096865442771,-0.1361697911254359,-0.02931076562456767,-0.1346357680243121,-0.08556194668084571,-0.10766606210774153,-0.06441208581644044,0.21823593663116445,0.1765682739631502,0.5534783466502798,0.31488621318657023,-0.2924927660333854,0.13454737042038573,0.14347296080230731,0.05623549294503222,-0.3615867606826901,0.05018095502323175,0.007574826765496895,-0.17609018245929903,-0.11785212637642163,-0.1213713160095104,-0.14586613166145906,-0.1300609795978905,-0.41151589908556846,-0.13470552132379393,-0.13974498546685732,0.08276802790105037,0.40186564372201194,0.3195466068461606,0.10912234330557836,0.2686843560860104,-0.3541380918041602,-0.33338515212533393,0.11945226656839343,-0.09808222530211025,-0.12046215574254368,0.2858199544041904,-0.13695110635751964,0.23514674713425934,-0.06871472238762681,0.2282415890543036,-0.11211735210643584,0.28392455940160405,-0.2173206675912643,0.09174008146706081,-0.06580341414012399,0.18215800271825588,0.14078785812043834,0.07670489003172423,0.18217248912394374,0.4838546523253939,0.5110274747729933,-0.1394208831202161,-0.3518811127774736,-0.2846266384454424,0.1811233137363913,0.30195900486651395,0.40437764014273275,-0.11180889394304432,0.37400583247634467,0.2539871776354223,0.9496038521257874,0.5364874958761445,-0.07643342391611462,0.39166854093694403,0.10624983260177526,0.40558110283776216,0.2604291530929429,-0.016523791536993737,0.3072728334413436,0.050864200307721145,0.21663068566176275,0.14792180719814557,0.4475407429163597,0.2685834264393409,-0.06035818384341696,-0.08272461754452205,0.09144220621039631,-0.1312795810259739,-0.28605285249336954,-0.097527610302426,0.054985982374118246,-0.031247386011946578,0.346711120588936,-0.1192233253783298,0.3073124373499141,0.20861288777150813,-0.10792113067593893,0.18495539287383894,-0.03236998045108168,0.49468113457790136,-0.38304972541842297,0.04898017465709528,-0.16040249573428406,-0.15539423855597972,0.3708715389811663,0.2102530405100269,-0.03749445589065221,0.42754546383604625,-0.0762403364930179,0.33064119413240345,-0.1490317588433889,-0.13831216152881232,-0.11512497106319702,0.007384007651495388,0.06262706034401946,-0.036967003269089256,-0.105319875585908,-0.14135445619389558,-0.1084073802420265,0.18596768660811613,-0.15343150669735767,-0.22260788200601223,-0.11835406167419522,0.012271070274582171,-0.06312867394398645,0.4043966752491542,-0.18011194323972884,-0.362495835318673,-0.08404860284755085,0.146135846265132,-0.35747426075782573,-0.23865735486052844,-0.11722861794913791
YPLL Rate (White),0.10073802510123424,0.841088023100534,0.47205630595003756,0.49283367018601776,1.0,0.26775648246650313,0.34854767754291616,0.32307401360702404,0.2029952008830992,0.34782162764036034,0.32417323967998724,0.4608999645877638,0.35148144579992274,0.2228656504929707,0.0024954279801088605,0.342619842130448,-0.10466946673803755,-0.29076782258930184,-0.18170850185436982,-0.18334242766705378,-0.07660143889919284,-0.20446927812839832,-0.012173052306300862,0.40216817965504353,0.4658748705917206,0.45486462988025356,0.6902336935960819,-0.1576934141157855,0.3021193394510996,-0.2091827354158724,-0.18362361520398834,-0.19804193939745313,-0.168015854794743,-0.1920953716838456,-0.16680772900782834,0.21740326362183104,0.20871063090264416,0.2863671988304391,0.393498495642008,-0.20715889646276978,0.2691389297191523,0.15627440053217925,0.11700292307821418,-0.1411577883637536,0.30787953414917973,-0.0029288286387419388,0.018139260593207817,-0.1922922587936408,0.06440133881473152,-0.22189027568756348,-0.20639602524678974,-0.3940664568381076,-0.19892344162281328,-0.2130020871674822,0.344934488848374,0.386343150622426,0.47531706124638246,0.13013566437883528,0.47134617484866986,-0.41369050232771964,-0.3117450899230597,-0.0387715336274215,-0.16002302783751343,-0.18061291320525388,0.26821151818332795,-0.19359134615981294,0.19320016878818347,-0.1578716400559745,0.12890481827790357,-0.1656090774479706,0.6542327878074652,-0.027567544844098443,-0.07529566022683877,-0.15668670728237608,-0.06343980320842044,0.2029998402212859,0.0806397534256326,0.24789051093791684,0.4052222370797381,0.46048267836994977,-0.2097417172748131,-0.19371309242259172,-0.6329641673400063,0.3042644136894129,0.40702607049614764,0.3714301870665047,-0.16040508678108856,0.7068292558096293,0.4853974812535791,0.4581914567902671,0.9492424283354387,-0.12864156571422652,0.4798874576533731,0.19208969824134176,0.25372802336623723,0.27676653140338525,-0.07492132709148457,0.42918706003401536,-0.07279576332312651,0.07866683084788104,0.1363080305242601,0.30668933437055346,0.2926153226340264,0.2684278086022401,-0.13019779856389388,0.059522407809762624,-0.1666202969640527,0.1385981196390977,-0.19383875894420324,-0.11160717904837175,-0.10404226859610172,0.4502734175601972,-0.17353542704442712,0.5592339568981914,0.12591929922100836,-0.16561646262543453,0.20559376358595954,-0.08381616772243662,0.4255225757322055,-0.4214581091548143,-0.07284294112607309,-0.14882746413871745,-0.31315767863881927,0.33720139588412157,0.17349345499100652,0.21207886499766787,0.4349162402109031,-0.13688522004911774,0.701571246817805,-0.21503637232442013,0.09766559584062734,-0.17219028813068082,-0.1267159199325714,-0.11563651379263863,0.25522796150888444,-0.12921528132192514,0.038597860478782255,-0.17381956693809691,0.15553138351892257,-0.20613870372838686,-0.26556656216871893,-0.1829362008739598,-0.20325354999154135,-0.17341865618043265,-0.0678801431305187,-0.21651361482472425,0.04838362908593427,-0.14691727542621846,-0.06500786411190496,-0.12670672708063108,-0.22402787517736805,0.1531194179500486
% Fair/Poor,0.012901629167105032,0.14882215267891544,0.14367792499974544,0.5079752992415775,0.26775648246650313,1.0,0.8879321695584246,0.5363698270809139,0.25851115696685095,0.19803239931900152,0.37455490499801813,0.19608982000942257,0.47302748459276067,0.13584163933902033,0.11646539153224904,-0.054148278149837394,0.027131256686807177,-0.5044356884142673,-0.03977451538727891,-0.045178789856081904,0.037705669117354464,-0.0026798500323984976,0.20584467237558074,0.6152236975009809,0.2967476051008496,0.5285915146513797,0.2928106628006768,-0.009159415073930942,0.4895919659166978,-0.058854948314537074,-0.05033612976553895,-0.037609962359638566,-0.05795335374618463,-0.03282816444441986,-0.014224676773612659,0.10651281308608992,0.04824327006940505,0.2489918642596041,0.09227993843514427,-0.27964023459364284,0.038935009205310324,0.0031797202111160197,-0.1036756541813898,-0.21981878538112576,-0.05155480006105746,-0.14996868057894153,-0.20050541534495814,-0.035997632655771064,-0.250955116538755,-0.07620083503901899,-0.051640925676063085,-0.45893939894541264,-0.03699630527285178,-0.06539247626578987,0.33106440984118646,0.5767880930823006,0.2070822347953785,0.24534548646493706,0.2907956134314931,-0.5284360039556872,-0.5090188337480148,0.2550574608513311,-0.0069518944020211994,-0.03537971620923818,0.2953979233514178,-0.0531944987477663,-0.027527646236303348,0.037348502471046034,0.20245577649390376,-0.03588138536084504,-0.10752822092521214,-0.21349100766706375,0.28703356773419353,0.007759170550771193,0.42294128065873116,0.025249920505993166,-0.029878157904454205,0.1575162600730228,0.22815234882828375,0.20750569457960233,-0.062445340906633055,-0.45175503549874885,-0.039480588705282205,0.21209495987368868,0.04058207074727476,0.17548508784874797,-0.040590625194157216,0.12504370054976996,0.15797209796293052,0.5482309698217758,0.29453995856731835,0.007496934368107477,-0.01925690257511775,0.18435101797100148,0.10069732344830094,0.03692191756002971,0.052749043128161435,0.12630840413664307,0.07224187635325369,0.11277898274789461,0.1319120662114806,0.9291907029315686,0.6574221315619736,-0.1179075831053723,-0.008327640780441669,0.08945338874645807,-0.04346087047658914,-0.32727514156269694,0.05042275447802956,0.10824195529115119,-0.0006670358248472347,0.01274953330902704,-0.04761588697821083,0.02551257614310951,0.5688914503532478,-0.015534081837808416,0.09904284800473392,0.1049378621586012,0.3412799214778231,-0.5174258888518253,-0.1289028853463578,-0.2556251036115686,-0.27015135241613963,0.6816651304429419,0.13911663858147102,-0.07790403589678907,0.24097184586037165,-0.0034882767183994244,-0.14480798297849148,-0.07493710598159481,-0.34311287235509735,-0.03545023945336412,0.07595236611580901,0.3001794336654207,-0.188410917264071,-0.033982006353060146,-0.0446539042380065,-0.022436245483066615,0.19153211560151817,-0.09706054411456994,-0.14408349968099177,-0.03188781621530502,0.0580589340705064,0.041245967807395305,0.7515502629103687,-0.12251944331977198,-0.7485955185869949,0.011572179807704065,0.5508504057535389,-0.1960933060235547,-0.2187160538155405,-0.24978438309707127
Physically Unhealthy Days,0.023288813061324586,0.3096879850761781,0.2662899641707912,0.45484361573209514,0.34854767754291616,0.8879321695584246,1.0,0.8004867363851165,0.23645995831920466,0.2023093475206554,0.26551802866972796,0.23161369823728048,0.6734462039686888,0.1551954415858699,-0.09692360061429087,0.11552672321754612,-0.009773711339593528,-0.6107157896324434,-0.10165855738112285,-0.10791303281082061,0.007331589404188286,-0.06415196329702984,0.18914536336602972,0.5482840243134214,0.36242780340913,0.44647931461468854,0.38379326726874186,-0.0672512867519184,0.4769719555249618,-0.12837403725371377,-0.12121612303036505,-0.10028339124601306,-0.08268333259427332,-0.11612964936425275,-0.07860133169646355,0.12614974958170372,0.05705435355095701,0.1627643770728541,0.0953800847722476,-0.2740258606625848,0.02539561813866749,0.04019931821537472,-0.1062506626907782,-0.173896782156902,-0.021818783184890698,-0.1071017899327906,-0.12787635435414135,-0.10632050492661578,-0.26813490870088236,-0.14987333273070005,-0.12230232054206411,-0.48041458984895724,-0.10837359881463321,-0.13732360250033784,0.3454578982852648,0.6882028546286868,0.3369863432164015,0.4154341130256388,0.4503777036316245,-0.6923907774413488,-0.6657646269278935,0.33509855573799086,-0.061657021947874,-0.09564689438513832,0.35713901735081033,-0.12235206645348108,0.004633179052756007,-0.020211301067136107,0.15651321863027057,-0.09585210851119841,0.026855321601811203,-0.13846263864814273,0.3036366392298078,0.07724689601495778,0.29292092654902646,0.18377295405120894,-0.009437346726295814,0.141634519067656,0.1863658507126123,0.1651875769267509,-0.13205045712093294,-0.42572608612679524,-0.18817890108564275,0.2041337469997986,0.07999973174795869,0.1522349052703572,-0.09111458376932804,0.27543330236119734,0.27289597074428246,0.46213057920784234,0.3701862602533737,-0.06609628000686198,0.053216706826101315,0.19567240894274054,0.020876768535829777,-0.024951607410462064,-0.02908791107997336,0.14593095655042826,-0.022613442784371527,0.055970060191890776,0.06775957400225602,0.9882028933866417,0.8865690214758468,0.09365312005142247,-0.08324890457054418,0.04168398508741503,-0.09960235224924545,-0.08603881756126269,0.006582960427875859,0.19227597276054337,-0.06631657225963522,0.1057366053374584,-0.11286866265043416,0.14554606967335532,0.5299551659896604,-0.07666785680299036,0.09456470946265093,0.07591425775379167,0.3748945265828283,-0.6555345617937149,-0.27564064600730137,-0.44941093996467757,-0.47200960674904263,0.7498721682922604,0.15004932220702386,-0.07310704708132343,0.24319065829607547,-0.06949171747706356,0.03387829009771754,-0.14077854240651588,-0.24848424822792842,-0.09281649790250418,0.12733151439496246,0.1664400630258637,-0.024235987214906548,-0.0880215650071938,-0.02769295103411378,-0.08746956288647686,0.11453578782266789,-0.1927876032143076,-0.24631426990675134,-0.07474993631433342,-0.05601694731273674,-0.018650449504579593,0.46172420225776795,-0.18921273398006716,-0.4581564082064763,-0.053890385183129136,0.3035831952216524,-0.08244692252672797,-0.24643338433960216,-0.09967243136157976
Mentally Unhealthy Days,0.005797748507143377,0.38910970389279,0.2943675727476088,0.2130546099770193,0.32307401360702404,0.5363698270809139,0.8004867363851165,1.0,0.16761840028093103,0.14641695267528682,0.07206287677926955,0.16254334725311154,0.7337544123382268,0.142220795249573,-0.2889938713311112,0.26907499261608314,-0.07116758114760885,-0.6315962942508965,-0.07218487932781087,-0.0872942553776435,0.0065853800478817654,-0.08189103789192965,0.12506734849632764,0.35065653322557777,0.3731649704919259,0.1981916230223444,0.312632630342392,-0.040407829774275296,0.4566790159178431,-0.10268615981420216,-0.10494144573130722,-0.0753318418918537,-0.0658342689840089,-0.10602362619444321,-0.045225871195157925,0.1090575733260685,0.010385588501581501,0.038122795378216466,0.11507758303705896,-0.16349773023986883,-0.04751506281193438,0.04831511587268586,-0.08437990611636495,-0.10099994256647471,-0.019877074344369937,-0.07212565477986553,-0.05728874082518707,-0.09503168651268419,-0.16947152317796496,-0.15411384188522304,-0.12884551549382772,-0.36740182211440947,-0.1164822145665038,-0.1399567214176541,0.3151841029444113,0.6343115509742699,0.34456003738477864,0.4925831967671433,0.484999924253135,-0.7145674784824543,-0.6939802407031438,0.3372249277129131,-0.041956912463948885,-0.07509136633434114,0.4052708249631586,-0.0994449896752776,0.038016649610248525,-0.03781261046590755,0.10199910155045822,-0.075658081352249,0.12695677251163498,0.005192001737798699,0.24066353131631482,0.18912187747246065,0.09452189932737017,0.15045425016837566,0.005461190444816917,0.060594918308299724,0.0707916353589129,0.1093607991779865,-0.1372712921140081,-0.30257818315746143,-0.2179878884964881,0.10560034625289573,0.12403138895787981,0.07888077625312283,-0.07526363412306218,0.34673102534261896,0.2938708821664261,0.20258533914911922,0.34037868708194746,-0.05565687757029277,0.06960744094245294,0.08626198144317347,-0.12369689474469911,-0.1617830448385554,-0.01870530866682729,0.1261042392331079,-0.1260591023264744,-0.1351856464163551,-0.0657987236035911,0.7559739803387895,0.9584743182109817,0.31205692519444583,-0.053016337566771085,0.07171895065030585,-0.07015702051534804,0.25273986147017874,0.0016844012145741793,0.1597290971758276,-0.037927098531505984,0.10978291788210724,-0.0973017539899961,0.164944763582518,0.3946650499616692,-0.050117553143401265,0.17246157878209603,0.07050559110418021,0.2987099937661903,-0.6574373137285204,-0.41567841173739867,-0.5466378652144053,-0.5982205009246362,0.6343059315802352,0.09735185222607932,-0.014961535689513587,0.15536827248941984,-0.06397451709408898,0.11635965471469335,-0.14572893796261488,-0.1303552744725445,-0.062475426237229854,0.20987899159747836,-0.031042467682647578,0.17643552847298813,-0.056631590789610886,0.08396150258802808,-0.06960780012748803,0.053675752561481244,-0.18099348394648462,-0.278526218287576,-0.07776510780681041,-0.0945640212795084,-0.015942366635355466,0.10221709075791993,-0.16237883326716457,-0.0996261650007995,-0.021995435489598567,0.07853436093541392,0.1293689197630272,-0.16791456597919122,0.09567185316844054
% LBW,-0.05831284218243994,0.21796381988717503,0.27494202546481833,0.22350355326078622,0.2029952008830992,0.25851115696685095,0.23645995831920466,0.16761840028093103,1.0,0.28395010071148014,0.4697028528013193,0.6158660316667601,0.2550078457989644,0.12422689701444199,-0.08636879549292682,0.07671325598475799,0.0022621825736265653,-0.1551541156611342,0.07040829463960217,0.07939785018753483,0.025496643839869635,0.06505675358461668,0.26136412052760094,0.26642295104241875,0.29691806011252375,0.18209189018279223,0.17780534992883326,0.0620448086451194,-0.13536641766919794,0.05211641307285151,-0.07055006221751854,0.05565779077602414,0.08777362930817048,0.06503705552678403,0.06214292670394914,0.14333061535329378,0.15824915960172645,0.08652332451303821,-0.00033952118606749796,-0.12707977142302063,0.05347525473423541,0.04677619567154016,-0.06766188018208563,-0.061171783778874035,-0.059090065764188404,-0.06363613049992312,-0.001542491100943966,0.045181926917052556,-0.23115882629814444,0.03760409558886402,0.04716416865826901,-0.06847684850459787,0.06018048024929922,0.03979970040331198,0.3457725646049094,0.26863919495354255,0.13147141997421377,-0.01114228512367486,0.08297380808102633,-0.20416502926752048,-0.25865063313799536,0.22900271624426163,0.0720097343050451,0.06076083595307082,0.3080059427591897,0.06370942183570834,-0.12673757624308554,0.08919679665377019,0.34729064581019664,0.07452050837366496,-0.08303313552471107,0.05904677827740769,0.09421550958745689,0.12793232487077758,0.0011663448457199638,0.04680870097389394,0.169061540089137,0.09353908618454122,0.0617295582056752,0.09665989074031707,0.043858463919167257,-0.019128482431855925,-0.21191913824342326,0.2094132414779213,-0.08682170942406428,0.08046238723723802,0.08120083831583005,0.23880735790617583,0.29046773581490964,0.28402732323001906,0.26654756150418335,0.07704064667358096,0.006749166240212392,0.260952273151157,-0.06131006229822754,-0.06345374020698648,0.10262715197131793,0.10290122706281964,0.1807255264063614,0.18535092552825758,0.19288015723018237,0.24482994043678846,0.16898135691050392,0.01926337120464305,0.05990556992607573,0.1882920001451222,0.06451547694101836,0.09878102983107907,0.08813684640706589,-0.046844241569095654,0.08939072464543996,0.13255033423367468,0.07392347067996599,-0.2019272831989357,0.34846080602611446,0.05843107833044099,-0.35091584756810285,0.17984145449451874,0.04522348417668399,-0.18926726878701067,-0.10775899918897823,-0.04221604663217725,-0.05269549541957092,0.22719582571974234,0.019096336002436702,0.05276499404967485,0.3255814990589273,0.0713948551287531,0.0426237404080704,0.04545939600575218,-0.1371205694616649,0.060049338776307706,0.16830013251042758,0.03480873685472168,-0.1473831207713067,0.06406187916445338,0.24744223137933152,0.06583659348267894,-0.23340372090322895,0.022855844760542563,0.048917275084984585,0.05998351365502012,0.037097832870961404,0.07699246896542707,0.09197900620934248,0.04744573078901351,-0.2069726088288096,0.058043047978601006,-0.03920393707179734,-0.022819560789976306,0.013493078560459766,-0.17499878485269865
% LBW (Black),-0.0012452418181211715,0.3190539667891136,0.837730924713343,0.23266933096095044,0.34782162764036034,0.19803239931900152,0.2023093475206554,0.14641695267528682,0.28395010071148014,1.0,0.21647451365367792,0.37897152325767375,0.2968087643046785,0.07529342804171067,-0.08523665224989713,0.21314157603435524,0.22173000742284324,0.0195983070798044,0.11579193224063965,0.13426890588489504,0.10883543242360552,0.14080473142779587,0.3410193598389073,0.22182264684404518,0.7339873237277464,0.39730087723608115,0.35542213426389546,0.09740497725647071,0.07601980974660472,0.11411217515867193,0.16247143676212641,0.0994764429511031,0.29425347264719975,0.11839350668203552,0.27947758941263046,0.1116980506178195,0.7337991852368991,0.18452911251798604,0.3869375732385389,0.0913927407323276,0.753715093405966,0.2489427510448319,0.32242901248099926,0.1708457170915882,0.5761542925409158,0.25665542555696963,0.31455860863325164,0.10634129037534218,-0.31645358326375184,0.11942181951151672,0.12003590051921487,-0.06319998135936401,0.12256685624601198,0.11970301863257826,0.13010090177187864,0.03644529038481319,0.5955585213441598,0.17655039197049616,0.11385086862611135,-0.13835659823029217,-0.1577650629144987,-0.023106966820625362,0.10168758224661868,0.1030056846707434,0.28639258200162265,0.1430138359895285,0.0003066631982696211,0.1340402066794897,0.3267574269619834,0.1223715945315019,0.18875614692406814,0.40766568328242,0.21880993837308438,0.20841942069303648,0.03253533087748044,0.10566351030808695,0.19970900502594935,0.8436942977928534,0.30918923686748817,0.45822253658990636,0.12391438637646782,-0.22009538644288987,-0.17857043067072054,0.87919836670024,0.3788677743981575,0.3808419674007891,0.1259452209331863,0.21496703692805286,0.837729426458596,0.18821136586702833,0.4052729713861366,0.1267127234235488,0.528871062461219,0.4927505362183789,0.4149137946682265,0.43376839108844545,0.1686781724185965,0.5294383108637299,0.3867166009934445,0.5118105882136795,0.5357859407311636,0.18936516752612803,0.1409032224846922,0.04004685975540614,0.08777897192238049,0.4057509104044677,0.11731333479066496,0.3871557891041707,0.1142471363335012,-0.1272785100741871,0.16488904355211154,0.4609643721711553,0.14067840270879947,0.24326167467210594,0.27302380454551295,0.09968804846437984,-0.06921485404957294,0.16393733561316362,0.3450241328064556,-0.1441493899367399,0.19184782880280546,-0.00428701367446356,0.014108224086579827,0.16012757784883402,0.24583996253789617,0.35074285260838184,0.6106424007346649,0.119395064358864,0.4120808204846804,0.1303489059831831,-0.2906348378513303,0.10914444013552156,0.2164694644924222,0.09065817594222943,-0.06730406538532156,0.10411405945812996,0.5449624408655147,0.11444933787586922,-0.04819627677417756,0.0891194579112684,0.14073403031946233,0.09850682426163863,0.0038410433173378415,0.0818928902977739,-0.1457078128225235,0.1359216972548166,-0.05739437618403125,0.06508600402383415,0.05167978490026216,-0.07218743176710724,0.2228203616984451,-0.23170224011809212
% LBW (Hispanic),0.08209661105166582,0.2884744563133208,0.1370412882193356,0.5877376690706962,0.32417323967998724,0.37455490499801813,0.26551802866972796,0.07206287677926955,0.4697028528013193,0.21647451365367792,1.0,0.4703819568209854,0.044402857389556044,-0.029681905841196964,0.3760242530340415,-0.10307484022751065,0.21624275528256243,-0.10480112876536836,-0.020314705548866576,-0.018644000921492234,0.07349213494495652,-0.0017355555155842116,0.03567397343585768,0.24027372334349814,0.12449400466387477,0.46323261897595336,0.2557743577548764,-0.008548588969743991,0.12806300985796612,-0.009755692596271287,0.1520798769140882,-0.02528758181453461,0.010518124256605517,0.007360974550688301,0.11006424192037491,0.04478738644965415,0.21187761200100036,0.4000108746843,0.0953635896472884,-0.15817977273541955,0.11725697594436559,0.25554749991075165,0.21501395070313775,-0.13703721741932243,0.08744780670995538,0.13200778436546975,0.04611132288988048,0.0037801892344358143,-0.1025450544907751,-0.020999145028271427,-0.021473403684588763,-0.1561590445455949,-0.014647886599210487,-0.0216539973985739,0.06860575444139859,0.2001895785623744,0.11747133362744998,0.1270042602623947,0.05081482274694112,-0.06828808167912508,-0.11204539239492659,0.06768163988776538,-0.003386095541337964,-0.009428388977539047,0.22103875582909763,-0.01400039241099245,0.09005492632172497,0.009733258740403393,0.1135259773141168,-0.0063017528935609005,0.03758024490268663,-0.09288842659880868,0.08730401549443816,0.0858194946927744,0.06511219384665355,0.1504809430946718,0.07191097816868339,0.2392904753319149,0.5961306460344742,0.6511322168170117,-0.0192840851019313,-0.24511260580778418,0.027392598706903644,0.21657526985741504,0.5072276688445463,0.5853941486448313,-0.008214618208187752,0.05902506790643635,0.1276054367128008,0.6684348793971,0.389999228600894,0.032399344992948255,0.30696732668407095,0.14879921421436734,0.31075385303718694,0.2909784835626386,0.049602611253324644,0.2763390077798347,0.135692691591912,0.21724303605827855,0.13710254620416892,0.28296291438066257,0.09678541482783905,-0.10471882989442935,-0.0011350358040245793,0.14870771757066178,-0.015382743902626003,-0.2798229845797315,0.009026040237964513,-0.10133011988870778,0.052656622690878306,0.35642810988982304,0.007144914323967637,0.019073458380965864,0.09205638223285773,-0.010596722013132156,-0.09926450925240014,0.11206286933155839,0.3138362447600639,-0.12519413311048985,0.25680138639786604,0.023410081993697388,0.12154193449613618,0.1203664741623192,0.2135184131966277,0.054559936833005473,0.3622128201818623,0.026068919209523925,0.22739205886832004,-0.021414479875193057,-0.2051006160985781,-0.010649771533389269,0.11331862585392702,0.11206517699784362,-0.16418347844542835,-0.020090704189294303,-0.1286649335421248,-0.006296420673727096,-0.022448388646292297,-0.02891599609723903,-0.024924751333015548,-0.01523794788032241,-0.06286757418564985,0.01806111367102977,0.3584287642148314,-0.02777760536477053,-0.30790372917111025,0.0010616674638672103,0.19768659389986734,-0.06751651022186268,-0.10186654024968021,-0.3031946723554605
% LBW (White),-0.051996894018121534,0.47764491737866754,0.35306298339409203,0.43258348191868534,0.4608999645877638,0.19608982000942257,0.23161369823728048,0.16254334725311154,0.6158660316667601,0.37897152325767375,0.4703819568209854,1.0,0.23057551033790497,0.1075564016024024,0.10831693286462517,0.17576357602173112,0.14455154243523244,-0.060343818968886964,-0.02804870933288775,-0.020285907136199734,-0.020169454016213846,-0.02037495755562076,0.08799085369770276,0.21530583633816802,0.35719439714673484,0.3743081022995394,0.42663478476180094,-0.01346273972269306,0.08081127732558971,-0.036038871258500346,0.08247656744204984,-0.04482429618393719,0.06261070943161844,-0.027367660530228075,0.0652711745623327,0.0638294270311887,0.3053833416868135,0.1227462999712277,0.15926356431225652,-0.10559391410936277,0.3123007671695161,0.1770579707153719,0.27805332407268174,-0.05606035164471339,0.22315967372164386,0.013593611845186737,0.13237647428729088,-0.01574452789106507,-0.22779229571797208,-0.034909873776149805,-0.02750942271742044,-0.12065604466168671,-0.01909903601016823,-0.03155080448263494,0.23850736541816953,0.16569328692524815,0.2577827738217464,0.0655149328624358,0.20915964816240426,-0.135880260000078,-0.1973882312509258,0.09457877310549202,-0.010392937733959176,-0.015624725910926042,0.20326909128924503,-0.020719258140645024,0.046238558871831495,-0.0052954302071053375,0.2081170128833768,-0.00939529649219593,0.29119777113232354,0.08229732931447423,0.05486416228606754,0.09478608807425325,-0.06081331338332694,0.11077928016609905,0.16855316700651252,0.3118568651139274,0.5180116500293163,0.6048096958011528,-0.030256001968506162,-0.12287142783621795,-0.18770673554310255,0.3650433781563767,0.46244757101008976,0.6411503657383401,-0.006840952938783407,0.24955385150348447,0.3809874712456188,0.4401645598101192,0.5177893117900912,0.004420389631024077,0.35414196454519775,0.16756894059527075,0.20654741105633873,0.2288089010427025,0.03367948223616176,0.3750861489981483,0.08043557661396321,0.17134484813799497,0.17901443006295714,0.21220135385199787,0.17589804121424021,0.00045729648650529877,-0.01736611993214606,0.17106295386156864,-0.0169554555195207,0.11676841532962053,-0.0009230739837394997,-0.10182343112854687,0.0272442786124126,0.41912943877249753,-0.0010128827725429676,0.21777508799863476,0.13104276955695804,-0.015066094846457982,-0.04645047583309354,0.015186671958349945,0.2807503360293719,-0.1353893489248339,0.11497770561369719,0.0759249169795206,-0.024730218473461473,0.11610224009413203,0.3092073319318964,0.12472118457161817,0.42210785347623553,-0.001820974007320301,0.44914054225288336,-0.024870561943746167,-0.05246089994184409,-0.02129431289991258,0.13293456935599715,-0.02751780177468032,-0.056027341424917616,-0.013314946259006267,0.0873058921858968,-0.015792609312960785,0.060000848970604675,-0.038514327548250626,-0.033255545997016994,-0.028873781916611614,-0.05757537063509128,-0.007077157972057075,0.018440297712451554,-0.02620663780702528,-0.0625944394138076,-0.010020680448359921,0.05124841655471998,-0.03192540900175757,-0.009746342562038374,-0.249177973255741
